[array([[ 4.54659723e-02,  2.20275037e-02, -2.02948973e-03,
        -3.67870703e-02,  4.81902845e-02,  3.83221544e-02,
        -2.47061979e-02, -3.79476435e-02,  2.09227949e-03,
         3.30308340e-02, -3.39729078e-02, -1.23800635e-02,
        -2.46048458e-02,  3.74927558e-02, -1.74759738e-02,
        -2.44434476e-02, -3.12177781e-02, -2.86894087e-02,
         1.08099096e-02,  2.42913254e-02,  3.75280529e-03,
        -1.73863173e-02, -1.95074212e-02, -1.46453753e-02,
        -5.33521175e-03,  2.18610838e-03,  1.82488300e-02,
         3.82057577e-03, -5.34111261e-03,  2.95018591e-02,
        -4.74722385e-02, -3.84307392e-02],
       [ 2.81046070e-02,  2.70023607e-02,  3.69168557e-02,
        -6.60711527e-03,  8.26003402e-03,  2.71574967e-02,
        -1.42402276e-02, -1.09456554e-02,  1.16244666e-02,
         3.66729833e-02,  1.45578049e-02,  3.09987105e-02,
        -7.75750726e-03, -2.79309154e-02, -2.50688922e-02,
         4.69362251e-02,  1.87511705e-02,  2.37566717e-02,
        -2.56736036e-02,  4.08450849e-02,  3.18590142e-02,
         0.00000000e+00,  3.11104767e-02,  2.29661129e-02,
        -4.65321541e-02,  4.84358408e-02, -2.21735239e-02,
        -1.81389078e-02, -1.93524491e-02, -2.87026297e-02,
        -6.46704435e-03, -1.86161995e-02],
       [ 1.44482143e-02, -5.68858534e-03, -1.36211030e-02,
         3.67273949e-02, -3.00222635e-02, -3.49217653e-02,
        -4.07861844e-02, -3.85165215e-04,  2.82351635e-02,
        -3.31107862e-02, -2.99699660e-02,  3.83998044e-02,
        -2.37487257e-04, -2.57614981e-02, -4.35239449e-02,
        -4.40992489e-02,  2.69639380e-02, -4.56418060e-02,
         2.11105607e-02,  4.85208742e-02,  2.94535868e-02,
        -4.03761640e-02,  2.91323401e-02,  3.28772701e-02,
         4.63376679e-02,  2.24350132e-02,  1.27080567e-02,
         4.21598218e-02, -3.38564664e-02,  3.03441174e-02,
        -4.42680009e-02, -4.60968018e-02],
       [-3.51989977e-02, -4.98806611e-02,  6.05208799e-03,
        -3.34068760e-02, -2.25435141e-02,  4.48864810e-02,
         1.67347677e-02,  2.86650769e-02, -3.82201783e-02,
         1.53914839e-03, -3.13896909e-02, -2.03655362e-02,
         2.37581022e-02,  2.32333429e-02, -1.53242461e-02,
         1.96977369e-02, -1.69165060e-03, -2.79688239e-02,
        -2.22995877e-02,  2.97749750e-02, -1.84904709e-02,
         7.36435503e-03,  1.57485493e-02,  1.94850676e-02,
         4.60273288e-02, -1.23481750e-02, -2.09725499e-02,
        -1.37227550e-02, -1.27108917e-02, -3.84674221e-03,
         2.65204906e-03,  2.82401778e-02],
       [-3.33834440e-02,  1.91819184e-02, -4.33378927e-02,
        -1.91531535e-02,  4.92021479e-02,  1.92607157e-02,
        -1.21729150e-02,  3.75776179e-02,  1.85121410e-02,
        -7.05386326e-03, -4.89963070e-02, -2.94873845e-02,
         2.14849822e-02, -2.98647881e-02,  3.11185010e-02,
        -2.41529346e-02,  4.11419757e-02,  4.20901664e-02,
        -3.36834788e-02,  4.94716801e-02,  3.23865749e-02,
        -2.88589839e-02,  1.74135007e-02, -4.96060736e-02,
         4.11533974e-02, -4.63791490e-02,  8.12256336e-03,
         9.29826498e-03,  2.27180980e-02,  1.99194439e-02,
        -3.50354537e-02, -1.65597349e-03],
       [-4.79795448e-02,  1.17694251e-02, -3.45838182e-02,
         4.76852916e-02,  1.47989281e-02,  3.35142873e-02,
         3.20592783e-02, -2.88317334e-02,  2.99680717e-02,
         2.80604102e-02, -6.13654777e-03, -1.46718249e-02,
         1.51258223e-02,  2.60402076e-02, -2.74544954e-02,
         2.96236388e-02,  3.81767415e-02, -2.95996666e-03,
         2.91951410e-02, -3.76813300e-02, -4.02668342e-02,
        -9.74817201e-03,  1.77530535e-02,  1.91140920e-04,
         3.22906114e-02, -3.78339998e-02,  2.32336633e-02,
         9.50453430e-03, -2.22388636e-02, -3.12881544e-03,
         5.55113703e-03,  2.23507173e-02],
       [-4.54025976e-02,  5.54598495e-03,  4.75053862e-03,
         3.61582898e-02,  3.91664617e-02,  1.77743919e-02,
         1.52374543e-02,  4.89374660e-02, -4.63890545e-02,
        -2.68485397e-03,  1.48385204e-02, -2.62992270e-02,
        -3.76930088e-03, -3.32181528e-03,  3.89158465e-02,
        -1.08093023e-02, -4.00039330e-02,  5.04956394e-03,
        -1.39831789e-02,  4.89194058e-02, -1.56443231e-02,
         1.03122965e-02, -1.87767390e-02,  4.87546958e-02,
        -1.86667219e-02, -4.88706492e-02,  3.06750052e-02,
         4.25717868e-02,  3.35227586e-02,  3.84996571e-02,
         4.71675880e-02, -1.54716000e-02],
       [-3.94920260e-03,  4.48584557e-04,  5.78116626e-04,
         4.53296192e-02, -2.36678012e-02, -4.75970879e-02,
        -4.88315001e-02, -4.15591970e-02,  1.22561231e-02,
         3.84170450e-02,  4.56077121e-02, -6.97942823e-03,
         3.74072082e-02,  4.66125943e-02, -1.93385836e-02,
        -4.88846302e-02,  3.75116989e-03, -1.30309090e-02,
        -1.26946084e-02,  4.15106677e-02,  4.41302173e-02,
         1.37322210e-02, -3.58618498e-02,  4.72928546e-02,
        -2.03042030e-02, -2.46552583e-02, -1.99203733e-02,
        -4.10149246e-03, -1.60787925e-02, -2.08381061e-02,
        -3.25364470e-02,  2.10903026e-02],
       [ 4.42456491e-02,  9.96039063e-03, -1.20890848e-02,
         2.52016895e-02, -4.89406846e-02,  3.35258506e-02,
        -8.76568258e-04, -2.26650964e-02, -2.86403652e-02,
        -2.44675875e-02, -3.10836434e-02, -1.54718980e-02,
         3.30374353e-02, -1.05720051e-02,  3.01184990e-02,
        -2.61357184e-02, -4.37942520e-02, -1.02517232e-02,
         2.63005607e-02, -2.43571531e-02, -3.94196026e-02,
        -1.27964504e-02,  3.84451412e-02,  4.29309048e-02,
         4.34432887e-02, -4.71553206e-02,  1.43850483e-02,
        -3.39587927e-02,  1.00422874e-02, -2.18868740e-02,
        -1.85194127e-02,  3.95597145e-03],
       [-8.73287767e-03, -4.31118608e-02, -2.36145258e-02,
        -2.35035773e-02, -3.48048583e-02,  3.03721167e-02,
         2.46151574e-02,  1.52097009e-02, -4.41692770e-04,
        -2.92322990e-02, -4.01977450e-03,  1.87621824e-02,
         2.87184827e-02, -1.98205709e-02,  4.26461212e-02,
        -2.00463887e-02, -2.71422621e-02,  3.91952284e-02,
         3.10198925e-02, -3.99600491e-02,  4.90464233e-02,
        -1.89034585e-02,  2.88139023e-02,  2.59627588e-02,
        -3.06602251e-02,  2.99273841e-02,  5.78969717e-03,
         3.24094780e-02, -2.32680198e-02,  5.02758101e-03,
        -1.56776980e-03, -6.87781721e-03],
       [ 1.55645870e-02, -1.23786218e-02, -4.15325984e-02,
        -3.48278992e-02,  1.13716833e-02,  6.20471314e-03,
        -1.62135959e-02,  3.23903076e-02,  4.91004102e-02,
        -4.68812138e-03, -1.40800588e-02, -2.69958377e-02,
        -2.50386354e-02, -2.18773019e-02, -5.79791144e-03,
        -2.08552014e-02, -4.36280258e-02,  3.49843390e-02,
        -4.69738841e-02, -2.39812024e-02, -4.09051999e-02,
         3.32226604e-03,  4.98863794e-02,  4.25274111e-02,
         4.33203690e-02,  3.48857902e-02, -4.35231924e-02,
        -3.01755667e-02, -4.60779667e-03,  1.54660605e-02,
         9.72975418e-03, -3.00008059e-03],
       [ 4.35587652e-02, -1.82587728e-02,  2.62039788e-02,
        -1.72751434e-02, -3.46701629e-02, -2.31459737e-02,
        -4.74482439e-02, -4.87132557e-02, -3.24073322e-02,
        -7.52319023e-03, -1.00197196e-02,  4.47370447e-02,
        -4.66610566e-02,  1.01251975e-02, -4.58200239e-02,
        -4.10660021e-02,  4.25682776e-02, -3.55657823e-02,
        -1.65382735e-02,  1.47406012e-03, -9.85752419e-03,
         1.24209411e-02,  2.59757079e-02,  1.47933885e-03,
         4.29404862e-02, -2.94450764e-02, -4.29114588e-02,
        -3.18457484e-02,  4.96814512e-02,  3.29562761e-02,
        -1.26078241e-02,  2.48335265e-02],
       [-4.94300723e-02, -4.39906493e-02, -3.79143842e-02,
         2.69334354e-02,  1.05347484e-03, -2.25806236e-03,
        -3.80186662e-02, -2.00761482e-03, -4.88293283e-02,
         1.80385225e-02, -7.37871975e-03, -1.29691847e-02,
         3.79943885e-02, -4.78140116e-02, -3.14287916e-02,
        -3.78715396e-02,  3.48578952e-02, -5.33277914e-03,
         2.60211863e-02,  3.85944881e-02,  4.57612984e-02,
        -2.97259092e-02,  1.81847848e-02,  2.36451291e-02,
         3.31496634e-02, -1.46963224e-02,  4.03239243e-02,
        -3.92094627e-02,  4.38517667e-02,  4.20572050e-02,
        -3.61746773e-02,  2.12190188e-02],
       [ 4.57947589e-02, -4.37464714e-02, -3.80132087e-02,
        -2.49613076e-04, -4.13511172e-02, -4.74731699e-02,
        -2.27739345e-02,  1.45946480e-02,  2.55500562e-02,
        -3.13637257e-02,  1.70583762e-02, -3.15379053e-02,
         2.83249877e-02, -1.32437944e-02,  3.08785923e-02,
         1.28716864e-02,  3.64659913e-02, -1.97545439e-03,
         4.70010974e-02,  1.10368840e-02, -2.81203520e-02,
         3.05962451e-02, -1.60674341e-02, -1.32962093e-02,
        -1.87195428e-02, -3.96701209e-02, -3.76491435e-02,
        -4.77084182e-02, -2.78197285e-02,  1.76555403e-02,
         3.44235934e-02,  1.03814825e-02],
       [ 2.91290917e-02,  1.94265507e-02,  3.47704627e-02,
         4.29997481e-02, -1.95883512e-02, -1.63751729e-02,
         1.11753866e-03,  1.45635344e-02,  2.34531648e-02,
        -3.42668518e-02,  1.19791143e-02,  4.16678675e-02,
        -4.95598316e-02,  1.40397213e-02, -3.75893824e-02,
        -6.59873337e-03,  1.61188841e-03, -2.36037970e-02,
        -6.77867979e-03,  1.38201229e-02, -1.14111789e-02,
        -3.41391787e-02,  1.51120909e-02,  2.65738703e-02,
        -6.74669817e-03, -2.25130320e-02, -2.06548702e-02,
         4.85212095e-02, -2.47204900e-02,  1.59014799e-02,
         4.68683727e-02,  1.81920417e-02],
       [-2.05829274e-02,  2.79221646e-02, -4.97127771e-02,
        -4.97614257e-02,  3.06991488e-03, -4.25122641e-02,
        -6.13323599e-03, -1.46916285e-02, -4.17418480e-02,
        -2.80702598e-02, -4.85536344e-02,  1.42567232e-03,
         4.59082238e-02, -2.50935555e-05, -3.61239910e-02,
        -1.08804554e-03,  4.61334325e-02,  4.10465635e-02,
        -1.92943811e-02,  2.92520262e-02,  7.33405352e-03,
         3.43421362e-02,  1.36290230e-02, -4.67444919e-02,
        -7.27637857e-03, -2.61289831e-02, -4.35493700e-02,
         4.23104689e-03,  3.68577875e-02, -2.75974032e-02,
         2.83981003e-02,  2.77433060e-02]], dtype=float32), array([ 2.0514801e-04, -1.6206503e-02,  4.6982575e-02,  3.7671331e-02,
       -6.9689527e-03,  4.6001505e-02, -3.4010410e-04,  7.8379996e-03,
        4.1357625e-02,  4.2905483e-02, -4.2472150e-02, -7.0769191e-03,
       -4.4609047e-02,  1.9904081e-02,  4.9977873e-02,  2.8459858e-02,
        4.8605595e-02, -7.5817108e-05,  2.1608267e-02, -2.0259991e-03,
        2.2020940e-02, -1.1747025e-02,  4.9002532e-02, -4.9191441e-02,
        4.5965638e-02,  4.1944731e-02,  1.9964520e-02,  4.1778039e-02,
        4.6708856e-02, -1.3155341e-03,  4.7193516e-02, -2.2058738e-02],
      dtype=float32), array([[ 0.01423862,  0.01589144, -0.00464746, -0.03102944],
       [-0.01617066, -0.02501518,  0.00466043, -0.00240839],
       [-0.02572432, -0.0352452 , -0.00706836, -0.00480889],
       [ 0.00631554,  0.03595272,  0.00717189,  0.00603448],
       [-0.04446612, -0.02566584, -0.04220216, -0.00102869],
       [-0.04876623,  0.03767239,  0.04738268, -0.01588385],
       [ 0.02567462, -0.01865516,  0.00887518,  0.01160525],
       [ 0.02493716,  0.01096672,  0.04162932, -0.01462144],
       [ 0.00408654, -0.01629605,  0.04203263,  0.02242723],
       [-0.01944896,  0.01139467,  0.04846206,  0.02812325],
       [ 0.03059531,  0.02553802,  0.04493269,  0.02571461],
       [-0.02640895,  0.02418825, -0.03428116, -0.04809251],
       [-0.00570257, -0.01149883,  0.03117234, -0.01241196],
       [-0.04774476,  0.03925362, -0.02844758, -0.036174  ],
       [ 0.04489778,  0.03669024,  0.01203331,  0.03557812],
       [ 0.00951769,  0.01370061,  0.0192203 ,  0.01102014],
       [ 0.03191525, -0.03764552,  0.03862132,  0.0164828 ],
       [-0.04908263, -0.00202041,  0.00131968, -0.01983081],
       [-0.01136098,  0.0341827 ,  0.0233429 ,  0.04601374],
       [-0.03325088,  0.01212053,  0.03881064,  0.02653321],
       [ 0.00601999,  0.03166414, -0.00563061,  0.0150323 ],
       [-0.00966458, -0.01126   ,  0.02447483,  0.02518268],
       [-0.03773826,  0.03087537,  0.01811333, -0.03247444],
       [ 0.03220348, -0.01439291, -0.03978562, -0.01306529],
       [-0.00713729, -0.03802652, -0.02696785,  0.02399471],
       [-0.01549158, -0.04805943, -0.00104251, -0.00807758],
       [-0.02544299, -0.0452709 ,  0.04941273,  0.0274793 ],
       [ 0.04677984, -0.03710774,  0.02798102, -0.02445586],
       [-0.01680353,  0.04910621, -0.01266259, -0.04539206],
       [ 0.04518371, -0.00995677, -0.03393519,  0.03091497],
       [-0.02732143,  0.04382106, -0.04557325,  0.01816976],
       [ 0.02552358,  0.00846804,  0.00424417,  0.00773116]],
      dtype=float32), array([ 0.02088404, -0.01956097,  0.02071023, -0.01851597], dtype=float32)]
