[array([[ 0.03151362,  0.03310556, -0.02107209,  0.02722541, -0.01095963,
        -0.04282885,  0.00630723, -0.04042748,  0.00578644,  0.00083037,
        -0.03532742,  0.01759449,  0.00889032, -0.02840126, -0.02703639,
        -0.02070534, -0.01266361,  0.01668486, -0.01522429, -0.01714972,
        -0.01249995, -0.01763338,  0.01661624, -0.01302043, -0.04943223,
        -0.02573348, -0.01182656,  0.02414576, -0.02570277, -0.04586617,
         0.00141358,  0.02787501],
       [ 0.00363917, -0.00309204, -0.03383188,  0.02550169,  0.01099193,
        -0.04699276,  0.00289358, -0.0024963 ,  0.0442809 ,  0.04592541,
         0.04312504, -0.00464586, -0.01409728, -0.04919529,  0.01985732,
         0.04795967, -0.0073291 ,  0.03659493, -0.00172106,  0.00206368,
        -0.03947469, -0.00823843, -0.01387799, -0.02895357, -0.0324748 ,
        -0.02668272, -0.04029001,  0.01549785, -0.03045717,  0.03450381,
         0.01389169,  0.03052643],
       [-0.01203012,  0.04936688, -0.03280573, -0.04464725,  0.02078805,
        -0.04123088,  0.01255535, -0.02835277, -0.03322278, -0.03027245,
         0.00936044,  0.01217643, -0.01377846, -0.00242665, -0.04304932,
        -0.00559739, -0.00853497, -0.02323952,  0.01122995, -0.00380033,
        -0.03965326,  0.04662115, -0.02871798, -0.01910659,  0.02628417,
        -0.01930919,  0.03146981,  0.02628292,  0.03994179, -0.04232888,
        -0.04902561, -0.01347883],
       [-0.04258883, -0.04251914,  0.0403576 ,  0.04252818, -0.0049289 ,
        -0.02085277, -0.03797767, -0.00903466, -0.0001645 ,  0.03668039,
        -0.04652184,  0.03255766,  0.01102822,  0.04037536,  0.03954223,
        -0.03688822, -0.04190613, -0.00268691, -0.02102909,  0.02882773,
         0.02490601,  0.04224211,  0.00372414,  0.03977999, -0.01116626,
         0.00717787, -0.00367158, -0.01659461, -0.01780239, -0.03797233,
         0.0487841 , -0.0035789 ],
       [ 0.00277583,  0.00106382,  0.01204693,  0.00929463,  0.03876218,
         0.01211984, -0.00115468, -0.02464586,  0.02698388, -0.01427156,
         0.00642762, -0.00446958,  0.01891151,  0.0169338 , -0.00313854,
         0.0083845 , -0.00205312, -0.02387879,  0.04238688, -0.01906214,
        -0.02052453, -0.02705691, -0.00883887, -0.01916618,  0.04135599,
        -0.01740723,  0.03504885,  0.00701445,  0.04766828,  0.03255515,
         0.03542037, -0.04124679],
       [-0.04873784, -0.04946883, -0.01224735, -0.02141349, -0.03431882,
         0.00245354,  0.01165351,  0.02529322, -0.02766578, -0.04012219,
         0.00327504,  0.04646423, -0.02426036,  0.04036254,  0.04631538,
        -0.02951288, -0.04662871, -0.02987889,  0.04478712, -0.03651587,
        -0.02660303,  0.03269054, -0.0373831 , -0.04331032,  0.00199795,
         0.0494148 ,  0.0151219 ,  0.02739254, -0.02594221, -0.03154122,
        -0.01034976,  0.01683369],
       [ 0.00474282,  0.04843456, -0.0070071 ,  0.04442468, -0.04610212,
        -0.04800783, -0.02421012, -0.02710719, -0.0081521 , -0.02504785,
         0.0022357 , -0.02914891,  0.00209905, -0.03908951,  0.04051489,
        -0.01375819, -0.04468625,  0.00168985,  0.04477142,  0.0051401 ,
        -0.03386954, -0.0051536 ,  0.01527183, -0.01082989, -0.01439923,
        -0.04949   ,  0.04964859,  0.03256737, -0.0232904 , -0.0399371 ,
        -0.02979324, -0.01773451],
       [ 0.00089682,  0.04283627, -0.00238258,  0.03309013,  0.03392791,
        -0.00823347, -0.01137124, -0.00452058, -0.03434458, -0.04223526,
        -0.02301568, -0.01105391,  0.02973178, -0.04793495,  0.0332957 ,
         0.00605021, -0.00020774,  0.00407461,  0.00566465,  0.00802898,
        -0.00338458, -0.04755975,  0.03516438,  0.02202972, -0.04317002,
         0.03203932,  0.02979434,  0.00407191,  0.02042655,  0.01897306,
        -0.04887749,  0.03515538],
       [ 0.00896234, -0.04005884,  0.03349434, -0.02347083, -0.00719853,
        -0.02882941,  0.02160105, -0.0231225 , -0.04003071, -0.01244728,
         0.0332641 ,  0.02142235, -0.01333572,  0.00726138, -0.0155985 ,
        -0.0144913 ,  0.00886408,  0.0064194 , -0.02715352, -0.03986413,
         0.00766335,  0.04773729,  0.00512047, -0.03746393, -0.03737473,
         0.01038705, -0.04568753,  0.03115861, -0.02085005, -0.02843218,
         0.03383556,  0.01859051],
       [ 0.03854818, -0.00992767, -0.01230787, -0.04562918,  0.04896288,
         0.03091509, -0.00306109,  0.01390419,  0.03741744, -0.03981864,
         0.01985154,  0.00432233,  0.00054057,  0.04757324, -0.02635399,
         0.00741271,  0.02322819, -0.03424515,  0.03967457,  0.03503904,
         0.00717099, -0.0213113 ,  0.01477411, -0.03515933,  0.00393375,
        -0.01479135,  0.04169917, -0.03830252,  0.02908902,  0.02422632,
        -0.02810259,  0.04153826],
       [-0.00907127,  0.04214326, -0.00337899,  0.0068526 ,  0.00746018,
         0.03868736, -0.01956384, -0.03270867,  0.01324929, -0.01364906,
         0.01275463, -0.03463063,  0.00864511, -0.01768547, -0.04964169,
         0.00942118,  0.0467861 , -0.04271057, -0.02932051, -0.04487736,
        -0.03766042, -0.03972619,  0.01453512, -0.04110088, -0.00381479,
        -0.00653338, -0.0168394 ,  0.03314692,  0.01856783,  0.00310646,
        -0.03098791, -0.02943634],
       [ 0.03084873, -0.04234162,  0.010782  , -0.0126005 ,  0.00250791,
         0.00667982, -0.04738435, -0.01893283, -0.0230857 ,  0.00515101,
         0.00370329, -0.02054275,  0.02913504,  0.01152065,  0.00389897,
        -0.02053791, -0.03824107, -0.00027299, -0.02095805,  0.00973088,
        -0.0163148 , -0.04141457,  0.02178922,  0.02397262,  0.00368381,
         0.01027744, -0.00533899, -0.04446512, -0.03794204,  0.04714039,
        -0.03421246,  0.0180205 ],
       [-0.03651979,  0.00612497,  0.02342682, -0.01348547,  0.02034005,
        -0.01651758, -0.02299153,  0.03629495, -0.02286837, -0.00385407,
        -0.01813602,  0.00793375, -0.03580012, -0.02565262, -0.03749261,
        -0.00043301,  0.00087882, -0.02488228, -0.03947054, -0.01638877,
         0.04439976, -0.00425814,  0.02000674,  0.03929931, -0.01480211,
        -0.00561934, -0.02982691,  0.02949781, -0.01631217,  0.04588589,
         0.00598001, -0.00784303],
       [-0.01603823,  0.00055068,  0.04064685,  0.0171524 , -0.00857903,
         0.04181849,  0.02751443, -0.01412584, -0.03688713, -0.00068152,
         0.03566332,  0.03647796, -0.00348991,  0.04012218,  0.01062964,
        -0.00466465, -0.00564428,  0.0180206 , -0.02139539,  0.02296776,
         0.04753322, -0.03646616,  0.02922883,  0.00479496, -0.041417  ,
        -0.01260513,  0.04657748,  0.04974436, -0.03521243,  0.02172211,
         0.04375621, -0.0180202 ],
       [-0.03412204,  0.03819313,  0.0492168 ,  0.04041987, -0.01600271,
        -0.03130947,  0.01711163, -0.01010831, -0.04174622, -0.04854763,
        -0.02355316, -0.02932839,  0.01103882, -0.02590126,  0.0171587 ,
        -0.01308643, -0.04025084, -0.00660054, -0.04355011, -0.04834976,
         0.01691044, -0.02859035,  0.0297277 , -0.02264528, -0.04220157,
         0.02597954, -0.00450113, -0.00628152,  0.04282632, -0.0125971 ,
        -0.00390338,  0.03927392],
       [-0.04871397,  0.01543717, -0.0260563 , -0.02542414, -0.03640833,
        -0.03176119,  0.012903  ,  0.0312019 ,  0.0496416 ,  0.04537866,
         0.0091212 ,  0.03659388,  0.0270896 , -0.03441166, -0.03608166,
         0.01639663,  0.02303353,  0.00617146,  0.00196309,  0.02588576,
        -0.00583775, -0.00988416, -0.02082262,  0.01585956,  0.02468323,
         0.02816081,  0.0104849 ,  0.04897251, -0.02087182, -0.00184327,
         0.04464543, -0.00779712]], dtype=float32), array([-0.00709299,  0.00655491, -0.01634512,  0.02918878, -0.02705784,
       -0.04040108, -0.01416164, -0.00710303, -0.01990522, -0.01288922,
       -0.01107692, -0.04064069, -0.00889207,  0.02481023,  0.03907393,
        0.03337058,  0.03333248, -0.0162711 ,  0.00146475,  0.03313079,
       -0.00398774,  0.01549133, -0.03212537,  0.00321487, -0.03515472,
       -0.01558697, -0.00704411,  0.04367477, -0.03935888, -0.02698815,
       -0.03787562,  0.04053608], dtype=float32), array([[ 0.01126031,  0.02067181,  0.02658824, -0.04508066],
       [ 0.01796224,  0.02286006, -0.00676607,  0.02837079],
       [ 0.04026631,  0.00105218,  0.00430629, -0.00011156],
       [ 0.01484757,  0.03212282, -0.00167818,  0.01876814],
       [ 0.02998534, -0.02821258, -0.02913483,  0.00338116],
       [-0.03468018,  0.04942076,  0.0336575 , -0.01826584],
       [-0.03678844,  0.01812625, -0.03379774, -0.0321856 ],
       [ 0.04324124, -0.03316502,  0.        ,  0.00458974],
       [ 0.00432543,  0.03698516,  0.01929989, -0.01774185],
       [ 0.04200161,  0.0463181 , -0.03960465, -0.01317246],
       [-0.003419  ,  0.01268664, -0.00779361,  0.02329412],
       [-0.01173861, -0.01380063,  0.04468931, -0.01794978],
       [ 0.04873434,  0.04801503,  0.0077911 ,  0.03075708],
       [-0.00975684,  0.01638894,  0.03245859, -0.01794323],
       [ 0.01840701, -0.01551767, -0.02356687, -0.01409205],
       [-0.00176221,  0.00206061,  0.021286  , -0.04602208],
       [-0.03227862,  0.00037415, -0.0040097 , -0.0216574 ],
       [-0.01838355,  0.01114222,  0.03407962,  0.04402912],
       [ 0.02285923,  0.04523185,  0.0138041 , -0.0178216 ],
       [ 0.0311482 ,  0.03981415,  0.00629665, -0.00131236],
       [-0.04828808, -0.00113468, -0.03847203,  0.00424378],
       [-0.01106857, -0.04014202,  0.00528337,  0.03831955],
       [ 0.0176775 ,  0.03535001,  0.03146828,  0.04898104],
       [-0.00127844,  0.04921187, -0.03623339,  0.03149532],
       [-0.00172095, -0.00361069, -0.01393254, -0.04816334],
       [ 0.0260351 , -0.02157032,  0.01879771,  0.02984711],
       [-0.00324266,  0.04940266, -0.03575505, -0.03634561],
       [-0.04975306, -0.0080517 , -0.01071324, -0.0045839 ],
       [-0.00807305,  0.0180257 , -0.04523447,  0.02752301],
       [-0.00019164, -0.02424685,  0.03858813, -0.02795669],
       [-0.03348656,  0.00667948, -0.03149714, -0.0090609 ],
       [-0.01260674, -0.00504655,  0.02507367, -0.0303548 ]],
      dtype=float32), array([ 0.00585266,  0.02505307, -0.0111473 ,  0.02366141], dtype=float32)]
[array([[-4.5135487e-02,  4.7963504e-02, -1.7461777e-02, -1.0348916e-02,
         1.5030291e-02,  2.7001884e-02, -1.7767772e-03,  3.9632928e-02,
         3.2591153e-02,  2.1288004e-02,  4.4541690e-02,  4.2542424e-02,
        -4.7916498e-02,  3.9299119e-02, -1.1179220e-02, -8.5984468e-03,
        -3.8320243e-02, -3.2002963e-02,  3.7865791e-02, -1.7101418e-02,
         1.4998365e-02,  2.1432292e-02,  2.2955667e-02,  4.6852794e-02,
         2.1680705e-03, -1.2073636e-02,  1.9707408e-02, -1.7706502e-02,
        -4.4475149e-02, -1.8235721e-02, -2.6923800e-02, -4.2361844e-02],
       [-4.1582335e-02,  2.3892168e-02, -8.4918030e-03, -2.7514506e-02,
         1.9654501e-02, -4.0045559e-02,  3.1192783e-02, -3.5932399e-02,
        -4.8044421e-02, -1.1116456e-02, -4.9877912e-05,  3.4074392e-02,
         1.8484246e-02, -3.5038613e-02, -1.3548005e-02, -2.0935226e-02,
         1.1180736e-02,  4.0203143e-02,  4.4074263e-02, -1.3352919e-02,
         2.4134483e-02,  1.9159690e-03, -4.0066242e-02,  6.8190470e-03,
         1.5182283e-02, -4.4008996e-02, -3.0258393e-02,  8.0043562e-03,
         2.1018516e-02, -3.8171627e-02, -3.9736390e-02, -4.8300423e-02],
       [ 3.1827640e-02, -1.5278459e-03,  4.7422085e-02,  2.4137702e-02,
         1.6368721e-02,  1.1965264e-02,  3.8983226e-03, -4.8787940e-02,
        -3.1227231e-02, -9.9938400e-03, -3.3615768e-02,  1.1933558e-03,
         2.7829204e-02,  2.0372879e-02, -2.6874794e-02, -2.2857726e-02,
        -2.4977339e-02, -2.1307779e-02, -1.5137903e-03,  3.1362001e-02,
         8.2734115e-03,  4.4571236e-04,  2.0206485e-02, -3.3618100e-03,
         1.2306787e-02,  1.9533399e-02,  1.3501991e-02,  2.6389230e-02,
        -4.3712568e-02, -3.4160912e-02,  4.1942690e-02,  4.2034630e-02],
       [ 1.3683263e-02, -7.1047544e-03, -1.4483221e-03, -2.2712834e-03,
        -1.4926903e-03,  2.1657158e-02, -2.9201461e-02, -1.8489003e-02,
         1.7494448e-03, -3.6536299e-02, -4.8372496e-02,  4.9678314e-02,
         2.9953230e-02, -9.9000446e-03, -2.3040403e-02, -2.3038222e-02,
         4.4648375e-02, -2.6536418e-02,  3.0812707e-02, -3.8827978e-02,
         4.8419237e-03,  1.0896243e-02,  4.0697228e-02,  2.8920662e-02,
        -4.9092770e-03,  1.2428306e-02,  2.5464520e-03,  3.4731936e-02,
         3.3032443e-02,  1.6361203e-02,  4.5932654e-02,  1.9296836e-02],
       [-2.1144105e-02, -9.9409707e-03, -1.9584715e-02,  3.9260928e-02,
        -2.6299132e-02,  1.7024491e-02,  4.2737648e-04, -3.2524362e-02,
        -2.0283461e-02,  2.8331328e-02, -4.2127371e-02, -2.8876662e-02,
         3.0990232e-02,  2.8753605e-02,  4.2708460e-02, -1.5178286e-02,
         1.7529044e-02,  1.5916202e-02,  3.7771884e-02, -1.6137134e-02,
        -2.4657477e-02, -2.6956512e-02,  2.5674071e-02,  1.9513141e-02,
        -4.5494914e-02,  2.7428698e-02,  4.1259412e-02,  2.3136165e-02,
        -3.5430811e-02,  9.5961206e-03,  4.6768520e-02, -3.5694100e-02],
       [-1.6951822e-02, -9.6117146e-03,  1.7042246e-02, -3.8184047e-02,
        -4.4310488e-02,  2.9808912e-02,  4.7011424e-02,  4.7991443e-02,
         3.6261085e-02, -4.8068691e-02, -9.8748207e-03, -1.8702365e-02,
         1.9628014e-02,  4.9152747e-03, -1.3042044e-02, -4.3684985e-02,
         1.7791305e-02,  4.3850545e-02, -1.4696039e-02, -2.9501975e-02,
         3.2937083e-02, -4.6623871e-04,  2.9212166e-02,  3.0238066e-02,
        -2.3513401e-02, -2.7620792e-02, -3.5465956e-02, -2.1906579e-02,
        -8.4543116e-03, -3.8886882e-02,  4.2748451e-04, -3.6070682e-02],
       [-3.6768951e-02,  4.6005476e-02,  3.6624435e-02, -1.7621767e-02,
         1.9545782e-02, -4.7151923e-02, -1.8325604e-02, -4.1990794e-02,
        -4.2195108e-02,  2.5331650e-02,  3.2879222e-02, -4.8371088e-02,
         4.5615658e-03, -9.0413317e-03,  1.2241222e-02, -8.3615780e-03,
         2.8576162e-02, -3.3968113e-02, -2.5810851e-02,  2.8294075e-02,
         4.2840924e-02, -4.1606974e-02, -3.6063850e-02,  2.5897752e-02,
         4.7708098e-02,  4.7612522e-02, -2.4585236e-02, -4.6067487e-02,
         3.9866615e-02,  1.8313158e-02, -4.8088886e-02, -2.3221362e-02],
       [-1.9809043e-02,  3.0000519e-02, -3.6798418e-05,  1.7026078e-02,
        -1.4386870e-02, -2.8256059e-02,  1.9376744e-02,  4.9773026e-02,
        -8.9519992e-03, -4.0555596e-02,  1.0920383e-02, -1.7715801e-02,
        -1.5997421e-02,  4.1023824e-02,  3.2433759e-02, -2.4372756e-02,
         3.2898299e-03,  4.9193073e-02, -8.4134713e-03, -4.1762829e-02,
         4.0713374e-02,  8.0610514e-03,  3.9548937e-02,  6.2127933e-03,
         1.9624084e-04,  4.3887202e-02, -1.7567873e-02, -2.3921525e-02,
        -1.6722381e-02,  4.1319717e-02, -2.0121587e-02, -9.4672814e-03],
       [-2.7307415e-02,  1.9478861e-02,  3.7771072e-02,  3.0575801e-02,
        -4.0001057e-02, -1.8317830e-02,  3.1388614e-02,  2.8088316e-03,
        -2.7127612e-02,  2.3633052e-02, -3.9008271e-02, -7.9892576e-05,
        -1.1012256e-02, -3.8465776e-02,  1.6352605e-02, -4.4781245e-02,
         4.3067720e-02, -3.5213161e-02,  1.8432263e-02, -3.1343974e-02,
         1.1138692e-03,  2.7826760e-02,  2.9944468e-02,  4.0398948e-03,
         1.2430560e-02,  1.4601946e-03, -1.6800739e-02,  4.9636412e-02,
        -2.0632876e-02, -3.0086471e-02,  4.5864079e-02,  4.2290840e-02],
       [ 2.3353312e-02,  0.0000000e+00, -1.6067684e-02,  4.6188090e-02,
         4.6026696e-02,  4.3013755e-02,  8.9145675e-03,  2.3549248e-02,
         4.9507502e-02, -1.8387064e-03, -2.3154244e-03,  2.9278908e-02,
         4.6836462e-02, -1.7845787e-02, -1.0899305e-02,  4.7106270e-02,
         1.0806393e-02,  4.5712043e-02,  3.3276562e-02, -1.0525547e-02,
         4.3163572e-02,  4.0840399e-02, -1.6384922e-02, -2.9897511e-02,
        -2.2312427e-02, -1.4824141e-02,  3.3512864e-02, -2.6672935e-02,
        -1.6190432e-02, -3.3174336e-02,  3.3200178e-02,  3.8175527e-02],
       [-4.7070410e-02,  1.2205292e-02, -4.6163153e-02, -2.3973597e-02,
         4.0963892e-02, -1.3843130e-02, -6.8060756e-03,  2.7905945e-02,
         3.0498330e-02,  4.9538612e-03,  3.4447797e-03, -2.6017917e-02,
         4.0063474e-02, -1.4349304e-02,  8.6725578e-03,  2.5883801e-03,
        -3.8315929e-02, -2.7597368e-02, -9.7059608e-03,  2.9389534e-02,
        -4.4258237e-03, -2.9330088e-02,  3.1315472e-02, -4.9480736e-02,
        -8.4032416e-03,  5.3919926e-03, -2.4676144e-02,  2.1620248e-02,
        -4.6500098e-02,  4.3898772e-02, -3.3020902e-02, -3.7230551e-05],
       [-7.9989061e-03, -1.5162468e-02, -2.0172073e-02, -5.0820410e-05,
        -4.4416785e-02, -1.8441193e-03,  9.3038008e-04, -4.1846633e-02,
        -2.6813567e-02, -8.3652884e-04,  2.3850691e-02,  6.3884854e-03,
         3.1173278e-02, -4.5732968e-03,  2.1923888e-02,  4.9508963e-02,
         1.6331349e-02,  2.2596601e-02,  4.5885611e-02, -4.5706380e-02,
        -1.0798372e-02,  6.8282112e-03,  2.4729256e-02,  7.1094744e-03,
        -4.8945334e-02,  6.1424747e-03, -4.7382403e-02,  4.0212758e-03,
        -1.7270766e-02,  2.0456377e-02, -1.2088656e-02,  3.1746339e-02],
       [ 3.3828285e-02, -4.5721043e-02,  1.9856218e-02,  4.0014874e-02,
        -3.9716922e-02,  1.8681835e-02,  4.8296634e-02,  9.2960969e-03,
        -4.4340253e-02,  4.9955849e-02, -2.9782429e-03, -1.3651550e-02,
        -1.0854315e-02, -1.6860925e-02, -4.3992590e-02,  3.3759419e-02,
        -4.6296049e-02, -9.4691291e-03,  3.7481811e-02,  3.0938983e-03,
        -1.5850056e-02,  1.4170598e-02, -2.5920605e-02,  3.5584021e-02,
        -2.0692719e-02, -1.1195529e-02,  2.5553439e-02, -2.3679364e-02,
         3.8912263e-02, -8.7436326e-03,  1.1304244e-03,  2.8453220e-02],
       [ 2.8886389e-02,  3.4126405e-02,  2.8293245e-03, -1.9971037e-02,
         4.4207003e-02, -2.0121587e-02, -4.4128716e-02,  8.4996931e-03,
        -7.9377517e-03, -1.0057818e-02, -3.5617270e-02, -1.1446692e-02,
         3.6324326e-02, -3.1471632e-02, -4.9767055e-02,  1.5549365e-02,
         3.1789314e-02, -1.6928017e-02,  5.1971301e-03,  1.0257363e-02,
         1.8684994e-02, -3.9922405e-02,  3.4798648e-02,  1.4431212e-02,
        -6.1385632e-03, -2.4447227e-02,  3.0473042e-02,  2.1605100e-02,
        -3.5780549e-02,  4.2671766e-02,  7.1190596e-03,  2.6935864e-02],
       [-2.2575999e-02,  9.2668757e-03, -4.4736862e-03, -4.6684086e-02,
        -3.5385918e-02, -1.5007604e-02,  3.8665269e-02, -3.7936389e-02,
        -4.8354615e-02,  2.6489090e-02,  4.8575792e-02, -4.3095946e-03,
         6.6227689e-03,  4.6865370e-02, -4.2349100e-03,  1.7801408e-02,
         3.2782879e-02,  1.7525423e-02, -2.3687875e-02, -1.8062554e-02,
         2.7105536e-02, -4.2254534e-02,  1.8954460e-02, -4.7207203e-02,
        -2.7162183e-02, -1.4026355e-02,  2.0774696e-02,  1.9362997e-02,
         1.2046862e-02,  3.0822244e-02, -6.4613707e-03,  2.4788585e-02],
       [ 2.2197142e-03,  2.6936326e-02, -9.0173110e-03, -3.3061102e-02,
         1.1837970e-02,  2.6107851e-02, -1.8961206e-03,  4.6641242e-02,
        -2.0769723e-03,  6.4628944e-03, -3.6590613e-02, -4.6853520e-02,
         3.2508899e-02,  1.8295381e-02,  3.5908211e-02,  1.6989820e-03,
        -1.4917277e-02, -4.9564030e-02, -4.3572009e-02,  2.2842895e-02,
         3.6821965e-02,  1.7971624e-02, -1.4439750e-02,  3.1303827e-02,
         2.2802364e-02,  1.5084598e-02,  1.9912172e-02, -4.9965024e-02,
        -1.6125537e-02, -2.8842688e-03, -4.1733325e-02,  6.3331053e-04]],
      dtype=float32), array([ 0.01290523, -0.00342785,  0.0184818 ,  0.01169275,  0.0204957 ,
       -0.04348946, -0.02398019,  0.04202363,  0.0261915 ,  0.00790421,
        0.00562467,  0.01740531,  0.0252924 , -0.02558449, -0.04867247,
       -0.0340415 , -0.00934863,  0.0406963 ,  0.02180086, -0.04440149,
        0.00208868,  0.00476702, -0.04429083, -0.0382115 ,  0.04172568,
       -0.0283114 , -0.01702661,  0.04343284, -0.04140465, -0.02579683,
        0.0320282 ,  0.0146999 ], dtype=float32), array([[-0.04932308,  0.04313972,  0.03295418,  0.02970186],
       [ 0.03535546,  0.04026784,  0.03867657,  0.04534422],
       [ 0.04507996, -0.02799153, -0.01801138, -0.0006234 ],
       [ 0.02649566,  0.01962483, -0.00694885, -0.00454645],
       [-0.04220531, -0.0088859 ,  0.02953121,  0.02573254],
       [ 0.0277389 , -0.0439458 , -0.01941326, -0.00138949],
       [ 0.0036272 , -0.03893193,  0.02472952,  0.02632623],
       [ 0.04940844,  0.00055876, -0.04990274, -0.02865295],
       [-0.0354296 , -0.00193594,  0.03706372,  0.04086116],
       [ 0.02519944,  0.03615368, -0.02598188, -0.04282253],
       [ 0.01327637, -0.04959837, -0.03601196, -0.0410545 ],
       [-0.02390558,  0.04020535, -0.00455421,  0.00852361],
       [-0.02525824,  0.03149933, -0.04748296, -0.04443742],
       [ 0.04877371, -0.03661387,  0.00213995, -0.0481302 ],
       [ 0.00680961, -0.00472754,  0.048666  , -0.03283795],
       [-0.02479024, -0.0073924 , -0.03058524,  0.04098747],
       [-0.03613049, -0.00994525, -0.02573638, -0.01355124],
       [-0.02921767, -0.03024707,  0.0263159 ,  0.03090383],
       [ 0.0376506 , -0.00523885, -0.00579785, -0.01983193],
       [ 0.01554533, -0.04906743, -0.01446253, -0.02252597],
       [-0.0285833 , -0.02176378, -0.02664042, -0.0369994 ],
       [ 0.0275355 ,  0.01722888, -0.02881796,  0.04831694],
       [ 0.0015425 ,  0.02374161,  0.04626599, -0.02200277],
       [ 0.04043503,  0.04887123,  0.00665426, -0.03723813],
       [-0.04900318, -0.0239597 ,  0.03376888, -0.04269676],
       [-0.01470424, -0.02095475, -0.0255501 ,  0.00777539],
       [-0.03361239,  0.04266814, -0.04966256, -0.01038709],
       [-0.03366192, -0.01992917,  0.01774801, -0.03226535],
       [ 0.0351264 ,  0.00192242, -0.03207444,  0.04706553],
       [-0.02226859, -0.0287586 ,  0.03895433, -0.0295957 ],
       [ 0.04481475,  0.03981515,  0.00974134, -0.01797148],
       [-0.02481222,  0.04816231,  0.03493926, -0.04889203]],
      dtype=float32), array([ 0.025495  ,  0.01763698,  0.02383773, -0.00158215], dtype=float32)]
