[array([[-0.03217745,  0.03159987, -0.02773105, -0.02659838, -0.01170008,
        -0.02188369,  0.01052079, -0.0149613 , -0.02190274,  0.00243971,
        -0.01945032,  0.04009967,  0.00511907, -0.02722406, -0.04063586,
        -0.00985714,  0.04040139, -0.03242455,  0.00555985, -0.04431276,
         0.0174959 ,  0.0073375 , -0.02105694, -0.04531897,  0.02649524,
         0.02729305,  0.03681408,  0.00089439, -0.0319462 , -0.01647203,
        -0.0231143 , -0.03142347],
       [ 0.01347405,  0.03596696,  0.02860497,  0.01616652, -0.02978883,
        -0.02126343, -0.03010382,  0.00586651,  0.02015721, -0.04332094,
         0.03185164, -0.01950619,  0.00117855,  0.03709252,  0.0021279 ,
        -0.03815062,  0.01778523,  0.03140162,  0.01310096,  0.01879387,
        -0.03873755,  0.04287373, -0.00652598,  0.00150162,  0.04772849,
         0.00917754, -0.00365252, -0.02908812, -0.04266382, -0.03806782,
         0.02501417,  0.00472394],
       [-0.02259576,  0.00736229, -0.01536541,  0.03495393, -0.04325594,
         0.01883838, -0.00032579, -0.01243563, -0.02317128, -0.02777784,
        -0.04193962,  0.04876858,  0.01168155,  0.0143679 ,  0.0023719 ,
         0.00665885,  0.01431167, -0.01056368, -0.01679081,  0.04100691,
         0.0071197 , -0.02936375, -0.04183344,  0.02870536,  0.04822655,
         0.01389917,  0.01517918, -0.04287037,  0.02394754,  0.0442037 ,
        -0.00708153,  0.03983202],
       [-0.03076272, -0.00532615,  0.04298517, -0.01939727,  0.04211314,
         0.02648598,  0.00628773,  0.02420178,  0.02542385,  0.0289294 ,
        -0.00695039, -0.04932427, -0.02234848,  0.03650728, -0.0049936 ,
        -0.04446701,  0.0165884 ,  0.0197521 ,  0.03718475, -0.0338394 ,
        -0.03021722,  0.0039741 ,  0.01740178, -0.00403991, -0.00053487,
        -0.02217729, -0.04927083,  0.03209004,  0.03865359,  0.00494904,
         0.04447598, -0.011616  ],
       [-0.00728907,  0.01224647, -0.00851792,  0.02855917,  0.03023154,
         0.0398089 ,  0.00743311, -0.01767356,  0.0454591 , -0.04000759,
        -0.01137038,  0.04121492,  0.02714994, -0.01875528,  0.0264147 ,
        -0.01856898,  0.00577992, -0.02722589, -0.04149923,  0.01076562,
         0.03623508, -0.03655237, -0.02550217, -0.03501202,  0.03111395,
         0.02295735, -0.02607987,  0.0236473 ,  0.0449835 ,  0.00662673,
        -0.0072756 ,  0.04178143],
       [ 0.04606659,  0.00909628, -0.031907  ,  0.00784066,  0.00690333,
        -0.0138272 ,  0.0263157 , -0.00238657, -0.00542551, -0.02043227,
        -0.04368034, -0.01259374,  0.02396151, -0.04435685,  0.02502456,
         0.04532913, -0.04590207,  0.02991917,  0.0414052 , -0.0200092 ,
        -0.03381298,  0.03783331,  0.00180162, -0.03168906, -0.01215824,
         0.01644516, -0.01823063,  0.00791794,  0.04860607,  0.02229674,
        -0.02622331,  0.03600741],
       [ 0.01889825, -0.00770485, -0.00056941,  0.01007825, -0.04753238,
         0.04768248,  0.00104926,  0.04976663,  0.01396726, -0.0386435 ,
        -0.01093208, -0.01606052,  0.02407849,  0.03939445, -0.01795455,
         0.0186693 ,  0.03399983, -0.04500857,  0.0212643 ,  0.03825427,
        -0.02236292,  0.01216952,  0.04016271,  0.01323635, -0.01014764,
         0.01355633, -0.01416317,  0.00171831,  0.04956872, -0.00017775,
         0.03231112, -0.01000546],
       [-0.00624239,  0.01608885, -0.00512337, -0.00543345, -0.02562496,
        -0.03784505,  0.03683002, -0.04759469,  0.01622841,  0.03305459,
        -0.04775121, -0.04151303, -0.00689191, -0.02624934, -0.02348926,
         0.00510609, -0.03820462,  0.02036584,  0.0179409 ,  0.03926713,
        -0.04913561,  0.01852353, -0.01596981,  0.01676525,  0.02597673,
        -0.00141842,  0.04020457,  0.03281125,  0.04234666,  0.02757427,
         0.04972506,  0.01830179],
       [-0.02272214,  0.00513023, -0.02271516,  0.04633334,  0.04900506,
        -0.03716251, -0.02631238,  0.01251413, -0.00601258, -0.03317133,
        -0.02275136,  0.0013473 ,  0.04166127, -0.04999089, -0.03802741,
        -0.01519066, -0.04792892,  0.00194293, -0.03978273,  0.01068692,
         0.04133898, -0.02591598, -0.04022207,  0.04941564,  0.03444623,
        -0.03523427,  0.00445063,  0.025913  , -0.02585181,  0.02947525,
         0.00647986, -0.0289112 ],
       [-0.02785816,  0.04763032, -0.02130452,  0.00882619, -0.00492864,
        -0.01263469,  0.03783994,  0.02900023, -0.04534972, -0.0153753 ,
         0.00119467,  0.04284206,  0.03271377,  0.0097562 ,  0.00964124,
        -0.01697738, -0.03939849,  0.04607867, -0.04378494,  0.01656965,
        -0.01819961,  0.01898364,  0.04342045,  0.03681213, -0.02181091,
         0.00999809, -0.02690446,  0.01615791, -0.03419326,  0.03050785,
        -0.00236718,  0.04498519],
       [ 0.02031828,  0.02354972,  0.00054919,  0.00138057, -0.03469962,
        -0.04579483, -0.03400186, -0.03037821, -0.03052938, -0.02601196,
         0.00396335, -0.00573944, -0.02386656,  0.01520688, -0.03052664,
         0.03990561,  0.0380626 , -0.02217767,  0.0387604 , -0.02899625,
         0.03726364,  0.03257713, -0.01023329, -0.01898906,  0.04764188,
        -0.00617559,  0.0385663 ,  0.0092203 , -0.00790453,  0.01507055,
        -0.01416207, -0.04961721],
       [-0.03169455, -0.00266258,  0.03572365, -0.00596688, -0.00394263,
        -0.01425229, -0.01389012, -0.01186518,  0.04052472, -0.02025318,
        -0.0174544 ,  0.01047987, -0.02970268, -0.03474516,  0.01221459,
         0.01384915, -0.0175498 ,  0.03454621, -0.01079615, -0.01775917,
         0.01675064,  0.01508863, -0.02754571,  0.03581328,  0.0473415 ,
        -0.03865932,  0.02322749, -0.03277868,  0.03822197,  0.03676267,
        -0.0197309 , -0.04325509],
       [-0.04820753,  0.03610903,  0.01009849,  0.03600364, -0.01848123,
        -0.01095062,  0.00902731, -0.0252648 ,  0.00997106,  0.00109516,
         0.0039115 , -0.0202767 ,  0.0031861 ,  0.04754949, -0.0223969 ,
         0.00998433,  0.03053577,  0.02231545,  0.04467199,  0.01023924,
         0.0492211 ,  0.03687389, -0.0205834 , -0.00771135,  0.04259619,
         0.04622797, -0.00369008,  0.01437414, -0.03676777,  0.00287719,
        -0.00648027, -0.01393839],
       [-0.00854981,  0.04900639, -0.01408817,  0.01215634,  0.02078637,
         0.00110092,  0.02910069, -0.01944705, -0.03679454, -0.00667959,
         0.02600456,  0.04514446, -0.01343741, -0.01896881, -0.015759  ,
         0.01991699,  0.01338549,  0.03211628, -0.0019642 ,  0.00150008,
         0.02708099,  0.00602673, -0.04085625,  0.00384873, -0.04812321,
        -0.01089077,  0.03896953, -0.02524767, -0.02258167,  0.01635372,
         0.03895697, -0.0211412 ],
       [-0.04876982, -0.01587777, -0.03545277,  0.0239828 ,  0.03327081,
        -0.02780981,  0.03280922,  0.04905411, -0.03624934, -0.02105365,
         0.0210689 , -0.04491087,  0.01755363, -0.0480891 ,  0.03536618,
         0.04923591, -0.00207656, -0.03111571, -0.03833897,  0.02502688,
        -0.0139122 , -0.01990229,  0.04409814,  0.02144531, -0.00962629,
        -0.01810469,  0.03766463,  0.01699312, -0.00988376,  0.0347514 ,
        -0.00237463,  0.02774537],
       [-0.03026715,  0.0387818 , -0.02215767,  0.01607281,  0.03680191,
         0.02236349,  0.02284013,  0.0105722 ,  0.01054777, -0.01782817,
         0.02216545, -0.0278489 , -0.00785298,  0.01841636,  0.01395105,
         0.01022949,  0.03022082, -0.04568484, -0.00578408, -0.01006522,
         0.01894384, -0.04283073, -0.0346195 ,  0.00379418, -0.04014647,
         0.02736503,  0.04197064, -0.00028633, -0.04262704, -0.02311343,
        -0.00393733,  0.01749149]], dtype=float32), array([-0.0324107 , -0.03625035,  0.02797656,  0.04302719,  0.02599139,
        0.0284293 ,  0.02916863, -0.03671305, -0.0425649 , -0.0364951 ,
        0.04475887, -0.04056156, -0.02010958, -0.04090419, -0.01895555,
       -0.0203359 ,  0.04512734, -0.0153992 , -0.01225098, -0.04858238,
       -0.01515632,  0.00178232,  0.01149434,  0.04657188,  0.02933197,
        0.03371869,  0.02761196, -0.00256402, -0.01158245, -0.00846345,
        0.04262393, -0.04497597], dtype=float32), array([[-6.46228716e-03,  1.87185295e-02, -2.54323240e-02,
         1.44146122e-02],
       [ 2.28539370e-02,  1.61087774e-02, -1.01338997e-02,
         4.15774100e-02],
       [-2.76655443e-02, -5.32709435e-03, -4.68795896e-02,
         1.59408562e-02],
       [ 4.67570312e-02, -3.16883475e-02, -1.09921694e-02,
        -3.99325117e-02],
       [-4.94890474e-02, -2.68770214e-02,  3.95949818e-02,
         4.27102335e-02],
       [ 2.61693485e-02,  2.61049904e-02, -4.56117094e-04,
        -1.07439868e-02],
       [-1.46311745e-02, -3.13003883e-02, -2.28607301e-02,
         3.63307931e-02],
       [ 3.19750421e-02,  4.83826511e-02, -4.85241413e-04,
         1.56766064e-02],
       [ 1.92658417e-02, -5.73887676e-03, -1.18851066e-02,
        -2.25104392e-04],
       [ 2.86996849e-02,  4.00142744e-03,  1.01289861e-02,
         4.36331294e-02],
       [ 4.30604480e-02,  4.74983789e-02,  5.90785593e-03,
         4.68813069e-02],
       [-3.22309360e-02,  3.72581556e-03,  2.62745060e-02,
        -1.08324885e-02],
       [ 1.33559145e-02, -2.51349565e-02,  3.12310569e-02,
        -1.51695237e-02],
       [-1.35643966e-02,  3.43332924e-02,  7.07685947e-03,
        -2.00680643e-03],
       [ 6.46369532e-03,  4.98378165e-02, -4.32126634e-02,
        -3.17905322e-02],
       [ 2.88426168e-02,  8.67135823e-05,  1.52866356e-02,
        -2.51717456e-02],
       [-1.73239484e-02, -3.66281979e-02,  6.81730360e-03,
        -4.22166847e-02],
       [ 2.08662860e-02,  3.81613411e-02, -4.53590155e-02,
        -1.49220228e-03],
       [-3.24672833e-02, -1.49691105e-03, -4.95200232e-03,
         3.34931873e-02],
       [-4.28634398e-02,  2.03062035e-02,  1.38855241e-02,
         4.04290110e-03],
       [ 1.21458992e-02, -4.91034500e-02,  4.63605039e-02,
         8.42226669e-03],
       [-1.63522251e-02, -2.10517775e-02,  1.62335895e-02,
        -4.35961485e-02],
       [-9.00342315e-03, -4.64925542e-02, -3.73583809e-02,
        -3.24397236e-02],
       [-1.04925632e-02, -3.48892212e-02,  1.80743076e-02,
         2.06896327e-02],
       [ 1.70370378e-02,  2.34059356e-02, -2.42383610e-02,
        -4.34120744e-03],
       [-1.00474730e-02,  1.66538097e-02, -4.44046631e-02,
        -2.71021612e-02],
       [ 4.44950499e-02, -4.03217450e-02, -8.11134651e-03,
         3.03621404e-02],
       [-4.55732234e-02,  9.05814022e-03,  1.05594881e-02,
         2.49223970e-02],
       [-1.84834115e-02, -2.46500261e-02, -1.73363909e-02,
        -6.48956373e-03],
       [ 0.00000000e+00, -3.33311707e-02,  2.05089338e-02,
         4.47431542e-02],
       [ 4.51923124e-02, -2.68541109e-02,  1.88200511e-02,
        -2.81782877e-02],
       [-2.43974850e-03, -2.80319583e-02,  4.67789210e-02,
        -7.23348930e-03]], dtype=float32), array([-0.04342729,  0.0133015 , -0.03732162, -0.03055593], dtype=float32)]
