[array([[-0.03423226,  0.03094082, -0.0445687 ,  0.04392327,  0.04846847,
         0.04760829, -0.04161274, -0.01502653,  0.02258695, -0.03125547,
        -0.02676524, -0.0323488 , -0.01653313, -0.00800551,  0.02755984,
        -0.03073256, -0.03558766,  0.04546429, -0.03336678,  0.04015655,
         0.02673579,  0.03821783,  0.01196663, -0.01509948, -0.03130678,
        -0.01392321,  0.0179379 ,  0.0183373 ,  0.0237095 , -0.02714992,
         0.03154019, -0.00775744],
       [-0.01783776, -0.01500306,  0.0217669 ,  0.02157602,  0.01740391,
        -0.03588607, -0.01501595,  0.02896574, -0.04339984,  0.01833898,
        -0.00525362,  0.02159752, -0.04018716,  0.04845386,  0.04304382,
         0.00645239, -0.0185694 , -0.00143912,  0.0146556 , -0.00776928,
         0.00677468,  0.00894006,  0.02104448,  0.04532086,  0.0455474 ,
        -0.02616431, -0.02212545,  0.02215035,  0.04309774,  0.0128283 ,
        -0.00338269, -0.03037826],
       [ 0.01926807,  0.04169827,  0.00886546, -0.04650306, -0.00949117,
        -0.02255501,  0.03667966, -0.00989687,  0.03339931,  0.02824419,
         0.04195436,  0.00511347, -0.00764381,  0.01176148, -0.03667536,
         0.00712549, -0.03800765,  0.03998243,  0.03567156,  0.04073688,
        -0.0148683 ,  0.02599052, -0.02057822, -0.04191872, -0.04210512,
        -0.04018854,  0.01766651,  0.02678284,  0.00915524, -0.04464477,
         0.029732  , -0.04460987],
       [-0.01939142,  0.04695762,  0.03142681,  0.02597903,  0.02388744,
         0.00683077, -0.00408209,  0.03901156, -0.00827786,  0.04997237,
        -0.04575968,  0.01400604, -0.02208997, -0.01851896, -0.00224353,
        -0.0159145 , -0.01464927,  0.01703551, -0.04608171,  0.02542796,
         0.02238828,  0.02729351, -0.0006419 ,  0.01848216, -0.01677793,
         0.03616088,  0.01355202, -0.02600085, -0.01638814,  0.01248062,
        -0.0097139 ,  0.04671568],
       [ 0.01311203, -0.04543696, -0.01072443, -0.00441785,  0.01532929,
        -0.00665833, -0.04978327,  0.0187946 ,  0.00535053,  0.01479701,
        -0.04049109, -0.04671699,  0.01047556,  0.04715003, -0.00437023,
         0.01100935,  0.04457935,  0.03216824, -0.02528203,  0.03408632,
        -0.01889174, -0.01685624, -0.01029414,  0.04797431,  0.03471737,
         0.0408641 , -0.01286405, -0.02534049, -0.04509032,  0.04408682,
        -0.00539836, -0.00293035],
       [ 0.04002244,  0.02631955,  0.012147  , -0.04710454, -0.04629571,
        -0.03976927,  0.04365163,  0.04170102, -0.02927306, -0.01647954,
         0.0468306 , -0.02764834, -0.01003725,  0.00128801, -0.01136731,
         0.01750996,  0.02187182,  0.03195782,  0.0352154 , -0.01960878,
        -0.01294046, -0.01565848,  0.01899211, -0.03852122,  0.03451184,
         0.03316131, -0.02307366, -0.03356607, -0.01725749, -0.00683086,
        -0.00565959,  0.03474591],
       [-0.03845956,  0.04475128,  0.0284341 ,  0.00368484, -0.01786476,
         0.01478631, -0.03596457, -0.01940157, -0.02920526, -0.02124866,
        -0.01417359, -0.04674936,  0.02188981, -0.01924834,  0.04832823,
         0.03153659, -0.04693452,  0.04277739,  0.02869772,  0.02188094,
         0.02671139,  0.0182954 ,  0.04693252,  0.00696414,  0.02227258,
        -0.01752375, -0.03806595, -0.04035599, -0.00215384, -0.03011237,
        -0.03485585,  0.04163946],
       [ 0.00517173,  0.02210064,  0.03162796,  0.01321356, -0.01490616,
        -0.03881245, -0.03819195,  0.00734078, -0.04889924, -0.04268795,
         0.00833229,  0.00300621, -0.00516894, -0.01379811,  0.00660497,
        -0.01306056,  0.01581658, -0.04171028, -0.02611859,  0.03376919,
        -0.02853676,  0.02369498,  0.00330995, -0.00321702,  0.04037914,
        -0.02914039, -0.02595273, -0.03248848,  0.03912654, -0.01680937,
        -0.04075151,  0.02118254],
       [-0.00296903,  0.03122792,  0.00860454, -0.02276074, -0.01838082,
        -0.01162821,  0.0083315 ,  0.03052409, -0.03024744, -0.03183468,
        -0.04350836, -0.01470089,  0.00974727, -0.03479617,  0.04423581,
        -0.01179212, -0.02151539, -0.01199553,  0.01870443, -0.0387798 ,
        -0.00541388, -0.01922401, -0.03750615, -0.0188116 , -0.01840933,
         0.02845123, -0.02898351,  0.03417127,  0.04949648,  0.00673237,
         0.04206926, -0.01101357],
       [-0.00246295,  0.00390564,  0.01846763,  0.00286465,  0.03848973,
         0.03182838,  0.04795391, -0.02646035, -0.03124131, -0.04306094,
         0.0044683 ,  0.04897242, -0.03369156, -0.03862896,  0.04102688,
        -0.017016  ,  0.03239851,  0.02974373,  0.03025683,  0.01001083,
        -0.01162479,  0.02548983,  0.02008965,  0.0362053 , -0.03728972,
         0.01551184,  0.04771856,  0.03382916, -0.0459215 ,  0.03717631,
         0.001266  , -0.02109594],
       [ 0.03647086,  0.00326627, -0.0438141 ,  0.04214222,  0.02235006,
         0.0198722 , -0.01049902,  0.00345935,  0.03722085,  0.01665482,
         0.04793754, -0.02869104, -0.03312226,  0.03260021, -0.0051239 ,
        -0.01200377, -0.04042041, -0.04241483,  0.0294758 , -0.02683184,
         0.03505509, -0.00552688,  0.04217651, -0.04977994,  0.01451751,
        -0.02352536,  0.01516614,  0.03585503,  0.00856645,  0.00806267,
        -0.01628847, -0.03459154],
       [-0.02815506,  0.02572353,  0.03817478, -0.03205238, -0.027034  ,
        -0.01075421, -0.03502635, -0.02090869, -0.03615545, -0.03581827,
         0.04638156,  0.03803029, -0.00987847, -0.02338545,  0.00456788,
        -0.02048278, -0.01356759,  0.03183535, -0.02187011, -0.02683911,
         0.02624924, -0.00836481,  0.02442246,  0.00170653, -0.02461647,
         0.01148516, -0.00067985,  0.00537702, -0.0438697 ,  0.027015  ,
         0.017216  ,  0.01196899],
       [ 0.04190559,  0.04834701, -0.03662883, -0.00548283,  0.03069992,
        -0.02442822, -0.01956948,  0.02324693,  0.01173452, -0.0168437 ,
        -0.00663875, -0.00963999, -0.03010802,  0.00750051, -0.04668387,
         0.03859054, -0.0365234 , -0.02177973, -0.00711136,  0.0370673 ,
        -0.04725337,  0.01599084,  0.00821511,  0.00733097,  0.02237405,
         0.03461928,  0.01315207,  0.0223075 , -0.01596247,  0.00569731,
         0.04531996, -0.02608507],
       [-0.01176767,  0.00629957, -0.00024151, -0.03715241,  0.00255723,
         0.0155873 , -0.01414395, -0.0313875 , -0.00861705,  0.03631277,
        -0.0253183 ,  0.03433831,  0.02327236,  0.04030089, -0.00615462,
        -0.00312968,  0.03259844,  0.01214878, -0.00924357, -0.01176174,
         0.0271768 ,  0.00513194, -0.03191899,  0.03297381, -0.03759904,
        -0.039579  ,  0.01854625,  0.02104548,  0.00408467,  0.0230217 ,
        -0.0387287 , -0.037006  ],
       [-0.00052377,  0.01282803,  0.00607681,  0.03124267, -0.02994933,
         0.0288216 ,  0.02337817, -0.04534432, -0.00845783,  0.01483078,
        -0.01898563,  0.03497526, -0.0171685 ,  0.04272331,  0.04628005,
        -0.04094904,  0.0432732 ,  0.03504554,  0.01091067, -0.01712273,
        -0.00853188, -0.03456541,  0.00269032, -0.04979246, -0.02540673,
        -0.02309414,  0.03738273, -0.00178719,  0.03754797,  0.03939203,
         0.03174034,  0.04142899],
       [-0.00790232, -0.03821514,  0.0345451 , -0.04590237,  0.00472233,
        -0.03165882, -0.01840371, -0.02679344, -0.00460528, -0.04345218,
         0.00680874,  0.01811573,  0.03750126,  0.00868054,  0.00064775,
        -0.02506206, -0.02940955,  0.02221641,  0.0343088 , -0.01405038,
        -0.04543089,  0.00475941,  0.02486098,  0.0008147 , -0.01102261,
        -0.03744019, -0.02552935, -0.02319119,  0.01216973,  0.02283775,
        -0.04960276,  0.01859866]], dtype=float32), array([ 0.04162118,  0.01663097, -0.02028926,  0.02545419,  0.01122675,
       -0.04886893,  0.00595226, -0.01642463,  0.04194577, -0.02178689,
        0.01382648, -0.01170125, -0.04185823, -0.04881499, -0.0404194 ,
       -0.01550143,  0.04214429,  0.02564063,  0.03853524,  0.02858982,
        0.04972042, -0.02661487,  0.00458071, -0.03485962, -0.02429128,
       -0.04566967, -0.00252002, -0.02598464,  0.0123795 , -0.0023749 ,
        0.02332542,  0.00691463], dtype=float32), array([[-0.03070936, -0.13626611,  0.21600044, -0.3589792 ],
       [ 0.00650436,  0.33612555, -0.15192246, -0.04819462],
       [ 0.29595232, -0.0913491 ,  0.31408674, -0.16294263],
       [ 0.40701985,  0.07540679,  0.22421807, -0.37368113],
       [ 0.12160265, -0.33289185,  0.32711846, -0.12878883],
       [-0.06263131, -0.00618654, -0.22025648, -0.25327381],
       [-0.36570653,  0.2156561 , -0.26067296, -0.02143994],
       [-0.22440885,  0.32786787,  0.23563981,  0.15289444],
       [-0.21128559,  0.35547656,  0.01030552,  0.25718945],
       [ 0.03439161,  0.36618316, -0.3438252 ,  0.32915288],
       [-0.00997761, -0.19325097, -0.28274167, -0.08748487],
       [-0.32911307,  0.05046707, -0.21923146, -0.27367386],
       [-0.10792488, -0.3235252 ,  0.06660107,  0.08780518],
       [-0.01617205, -0.02578884,  0.30802244,  0.21218908],
       [-0.14573973, -0.3684745 ,  0.14815778, -0.12763941],
       [-0.40211684,  0.18568015, -0.00680715,  0.00542617],
       [ 0.3445598 ,  0.09551919, -0.00502983, -0.39631954],
       [ 0.37616992,  0.35496575,  0.08008668, -0.0480715 ],
       [ 0.06791431,  0.13783377, -0.2408251 ,  0.2752213 ],
       [-0.31705248,  0.0127269 , -0.40204686, -0.310419  ],
       [ 0.28400517,  0.14472514, -0.35086876, -0.14318141],
       [ 0.12625659, -0.1235393 , -0.2511246 , -0.20386252],
       [-0.15876895,  0.27326107, -0.20118146, -0.16343144],
       [ 0.24341077,  0.3401422 ,  0.36892635,  0.29507887],
       [ 0.27907854, -0.06179452, -0.37951016, -0.09238201],
       [ 0.27846032, -0.10958922,  0.09701717,  0.17028618],
       [ 0.22046411,  0.10050249, -0.0442459 ,  0.09098431],
       [ 0.33198363, -0.14705771,  0.1017974 ,  0.28741848],
       [-0.28126785,  0.12280285,  0.14832824,  0.05046496],
       [ 0.25499558,  0.16490692,  0.06390384, -0.2506788 ],
       [ 0.09356833,  0.27961326,  0.3850689 , -0.17604904],
       [-0.0027746 , -0.12812343,  0.3798486 ,  0.2247135 ]],
      dtype=float32), array([0., 0., 0., 0.], dtype=float32)]
[array([[ 1.63303725e-02, -3.29555050e-02,  5.40518761e-03,
         7.05635548e-03, -3.30559500e-02,  4.69088294e-02,
         1.38187297e-02,  4.74071503e-03,  4.78150733e-02,
        -3.73439789e-02,  1.56891458e-02, -3.12471278e-02,
        -7.24751875e-03, -3.72958295e-02,  2.69391388e-03,
         2.57947482e-02,  3.73938940e-02,  2.44259499e-02,
        -1.01524815e-02, -4.31384929e-02,  2.75609531e-02,
        -2.10609920e-02, -1.90633889e-02,  3.66196670e-02,
         4.40131314e-02, -4.14766781e-02, -2.78201234e-02,
         2.07211412e-02,  3.88686322e-02,  2.58435495e-02,
        -2.83665303e-02,  3.11732553e-02],
       [-3.93460616e-02, -2.46343613e-02, -4.37234901e-02,
         3.08038704e-02,  4.16075066e-03, -1.40207894e-02,
         3.36439535e-03,  4.49785925e-02,  2.38172524e-02,
        -3.62966657e-02,  3.54193933e-02,  2.10350044e-02,
        -2.12858990e-03, -3.19398418e-02, -7.08221272e-03,
         3.01991217e-02,  4.33797948e-02, -1.02709308e-02,
         4.76923622e-02, -1.59256533e-03,  4.57253791e-02,
        -2.65403390e-02, -3.94938700e-02, -9.83872265e-03,
        -4.16472927e-02, -3.28857787e-02, -3.65006439e-02,
         2.12357976e-02,  3.99724357e-02,  8.44588131e-03,
        -4.26363014e-02,  2.59098448e-02],
       [-4.01433706e-02, -1.23187080e-02, -1.66825205e-03,
         2.28898041e-02,  2.25412846e-03, -7.68899918e-06,
        -3.11610829e-02,  1.61368363e-02,  2.12703608e-02,
        -9.74228233e-03, -3.69281061e-02, -1.35137066e-02,
         2.27246992e-02, -2.57159229e-02, -7.51275942e-03,
        -2.99489629e-02, -3.40119004e-02, -1.78205743e-02,
        -3.96664739e-02, -2.36684922e-02,  2.37728842e-02,
        -3.47838886e-02,  3.96918915e-02, -3.99188884e-02,
        -1.66328922e-02, -1.60141960e-02,  7.50203058e-03,
        -1.95686221e-02,  4.98572253e-02,  6.52372837e-04,
         2.95635946e-02,  2.37869658e-02],
       [-4.96254228e-02,  1.17585063e-02, -1.90242063e-02,
         4.29698117e-02, -2.83049829e-02, -4.81400602e-02,
        -1.31858215e-02,  3.64318825e-02,  3.01398523e-02,
        -1.62649378e-02,  3.88060100e-02,  4.36316840e-02,
         2.13759877e-02, -2.79592276e-02, -9.96905565e-03,
         1.29154585e-02,  2.18091644e-02,  3.30150761e-02,
        -2.42602471e-02,  2.11658217e-02,  2.05781348e-02,
        -1.84692964e-02, -3.77947912e-02,  1.54129378e-02,
        -3.11305374e-03, -3.19088623e-03,  1.43514983e-02,
         5.07457182e-03, -2.05305964e-03, -3.71925943e-02,
         2.86093615e-02,  4.07654904e-02],
       [-3.71180773e-02,  1.67313106e-02, -4.16925661e-02,
         1.94776058e-03,  1.11190900e-02, -1.07239485e-02,
        -2.56756898e-02, -5.61897829e-03,  4.36050333e-02,
         5.31812757e-03, -4.59394604e-03, -2.43403446e-02,
         6.54927641e-03,  2.66983174e-02, -5.60487434e-03,
         3.26614417e-02, -3.17738540e-02,  2.65800841e-02,
         8.46368074e-03, -2.07022671e-02,  8.97001103e-03,
         1.36015750e-02, -4.34377454e-02,  2.64638998e-02,
        -2.04598904e-02,  5.65934181e-03,  4.25532348e-02,
         1.78386457e-02, -3.29589397e-02, -1.38720758e-02,
         4.37844433e-02,  3.89591791e-02],
       [-3.06924824e-02, -1.38915181e-02,  3.62866037e-02,
         2.42848434e-02,  4.00561579e-02, -4.13764119e-02,
         7.82418251e-03, -3.81597504e-02,  3.21682356e-02,
         2.03940012e-02,  3.75789292e-02, -1.50141343e-02,
         3.03442366e-02,  9.64593142e-04, -7.23915175e-03,
         4.40803282e-02, -3.43290120e-02,  4.09421362e-02,
         2.52984837e-03,  3.29838283e-02,  4.86795194e-02,
         6.52271509e-03,  4.89069149e-03, -4.29395549e-02,
         1.13366023e-02, -4.40613180e-03, -2.53412612e-02,
         2.49574222e-02, -4.43510190e-02,  9.00919363e-03,
         3.25147770e-02,  2.12796368e-02],
       [-2.67900229e-02,  1.39986537e-02,  3.11489813e-02,
        -2.99106911e-03, -2.00416576e-02,  1.92035362e-03,
        -2.91237980e-03,  3.71569730e-02, -1.03255622e-02,
        -2.14595087e-02,  3.99273895e-02,  3.19180749e-02,
        -2.86487229e-02, -1.86032653e-02,  2.46160515e-02,
        -1.89502835e-02,  3.92516702e-03, -1.62103027e-03,
        -1.59555562e-02,  1.51066892e-02,  3.09537761e-02,
         3.50972451e-02,  1.06548667e-02, -6.27790764e-03,
         4.56595309e-02,  3.62735651e-02, -2.93070804e-02,
        -1.61703341e-02, -3.76034267e-02,  2.76839174e-02,
         1.36727951e-02,  3.21729891e-02],
       [-3.86720411e-02,  4.74998839e-02, -4.28190604e-02,
        -3.99348959e-02, -3.60990651e-02,  1.04167312e-03,
         2.12286748e-02,  2.66631283e-02,  2.38714106e-02,
         5.84117323e-03,  3.45517658e-02,  1.85134746e-02,
        -1.48478039e-02,  3.23817879e-03, -2.92916056e-02,
         3.87695692e-02, -4.90469821e-02, -9.81742144e-03,
        -2.26315260e-02, -4.76968773e-02,  2.09605582e-02,
         2.93797888e-02, -1.57140009e-02, -4.42529581e-02,
         3.46511491e-02, -3.82183418e-02, -1.99627634e-02,
        -1.14410520e-02,  1.42240785e-02, -3.67530808e-02,
         3.96213271e-02, -3.83175015e-02],
       [ 3.27172913e-02, -2.86902785e-02, -4.86287139e-02,
        -2.50591766e-02,  2.38744505e-02, -4.10095938e-02,
        -1.21599436e-02, -1.06371567e-03, -2.98160203e-02,
         2.46360153e-03,  1.08735450e-02, -1.72934756e-02,
         2.58233212e-02, -1.59914978e-02, -3.75796072e-02,
        -3.71496081e-02, -1.31581649e-02,  4.07171957e-02,
         4.78716232e-02,  2.08565854e-02,  1.29615553e-02,
        -4.17601466e-02,  9.32873413e-03,  1.20958090e-02,
         1.64851658e-02, -4.84966300e-02,  3.35988291e-02,
         4.91088517e-02, -2.88563501e-02,  2.67857313e-03,
         1.01087093e-02,  1.70386918e-02],
       [ 3.84318568e-02,  5.71714714e-03,  2.98228972e-02,
        -1.27841718e-02, -3.10598500e-02,  4.01691906e-02,
        -1.52166374e-02,  4.78027798e-02, -4.77348566e-02,
        -3.89553607e-04, -2.28138696e-02,  1.29856132e-02,
         4.94080447e-02, -3.96812446e-02, -2.75887847e-02,
         2.46803835e-03, -3.79352346e-02, -2.37181429e-02,
         3.67752649e-02,  2.88594253e-02, -2.18253024e-02,
         4.09138203e-03,  1.44733228e-02, -2.94667240e-02,
         1.92363746e-02,  2.75848024e-02, -3.84690762e-02,
        -3.18719149e-02, -3.30644473e-02, -1.40022151e-02,
        -2.78163087e-02, -3.27167138e-02],
       [ 4.86719720e-02, -1.53182745e-02, -9.91905853e-03,
         4.18795235e-02, -2.80046705e-02,  1.62737705e-02,
         2.77423970e-02,  3.71985324e-02, -1.71314590e-02,
        -3.13840285e-02, -1.05745904e-02,  2.08519362e-02,
        -2.15674639e-02,  4.23227064e-02,  3.52736227e-02,
         4.17432897e-02,  3.35736610e-02,  4.70140465e-02,
         1.56487152e-03, -7.54328817e-03, -4.87764962e-02,
         4.11161035e-03,  2.25267895e-02,  2.64032595e-02,
         3.79724018e-02, -1.64115317e-02,  6.28701597e-03,
        -4.20086607e-02,  4.77077626e-02,  5.39157540e-03,
        -1.37934089e-02,  3.48492749e-02],
       [ 2.76937596e-02, -4.62800860e-02, -1.34146921e-02,
        -2.16710325e-02, -4.57454212e-02,  1.58296861e-02,
        -1.31978281e-02,  4.43265177e-02,  2.23912336e-02,
         4.20795754e-03, -4.52847965e-02,  1.75616890e-03,
         3.02890204e-02, -2.02731136e-02, -1.54144056e-02,
         3.50242965e-02, -1.29680634e-02,  4.06231321e-02,
         3.14723141e-02,  1.91099308e-02, -7.47371837e-03,
         3.72960418e-03, -2.86455750e-02,  3.69907655e-02,
         4.73319404e-02, -3.72680649e-02, -4.54265997e-03,
        -5.44597954e-03,  4.03440632e-02, -3.68745700e-02,
        -1.08483061e-02, -3.96784917e-02],
       [-3.49557996e-02,  2.75282301e-02,  3.11644338e-02,
         4.83523123e-02, -6.16876036e-03,  4.33193706e-02,
        -1.69595592e-02, -6.33217022e-03, -1.34170279e-02,
        -1.43793225e-02, -1.49268731e-02,  1.50433518e-02,
        -1.92855950e-02, -3.80853899e-02, -4.51571122e-02,
        -1.59595981e-02,  3.14784385e-02,  4.90097143e-02,
         7.64109194e-04,  1.26633793e-03,  2.33288519e-02,
         3.39750387e-02, -4.07449119e-02, -4.71439138e-02,
        -7.77155161e-03, -1.48904435e-02, -4.50353511e-02,
        -4.25765626e-02, -4.08066399e-02,  1.21286996e-02,
        -3.07970531e-02, -1.81882977e-02],
       [-3.26075554e-02, -4.42823172e-02, -3.65747437e-02,
         1.29480027e-02, -4.76765893e-02,  1.62489675e-02,
        -3.60174663e-02, -1.33512132e-02,  2.40487941e-02,
         3.70977037e-02, -1.21547356e-02,  2.19492801e-02,
         1.46320723e-02,  4.01067249e-02,  3.42444070e-02,
        -4.47243452e-03,  6.53105974e-03, -3.70233767e-02,
         4.68786843e-02,  1.40953697e-02,  7.74855539e-03,
        -1.60421357e-02,  3.29507031e-02, -3.72850895e-03,
         2.31732614e-02,  1.01101398e-02, -4.56122309e-03,
         1.45067833e-02,  1.73080005e-02, -3.69069688e-02,
         3.28130834e-02, -1.45771392e-02],
       [-3.14949639e-02,  3.36527340e-02,  8.63886997e-03,
         4.82309982e-03, -2.52206679e-02, -4.56453338e-02,
        -3.11089046e-02,  2.49542259e-02, -8.29316676e-04,
         6.41763210e-03, -4.65160273e-02,  2.86133550e-02,
        -1.90140493e-02, -9.36862081e-03,  2.59516127e-02,
        -4.66524251e-02, -2.66761314e-02, -1.26782805e-03,
        -4.21059951e-02, -8.80734995e-03,  2.85675265e-02,
         3.45155261e-02,  8.80829245e-03,  4.33138125e-02,
         2.50108503e-02,  2.16093548e-02,  4.65423726e-02,
        -1.17877945e-02, -1.80497654e-02,  2.76980735e-02,
         1.28035210e-02, -6.65704161e-03],
       [ 1.62580721e-02, -1.34505332e-04, -2.67299768e-02,
         2.98642181e-02,  3.59530114e-02,  1.54466666e-02,
         2.90647186e-02,  2.72459500e-02,  3.48037370e-02,
        -4.27271724e-02,  1.56750530e-03, -5.16556576e-03,
         4.26574796e-03, -1.65170208e-02,  4.17368077e-02,
        -2.95603164e-02,  7.10558891e-03,  3.46924700e-02,
        -2.27988493e-02,  1.57039650e-02,  4.54369672e-02,
        -3.43897194e-03,  3.63143422e-02, -4.07405123e-02,
         3.47297080e-02,  1.24308355e-02, -1.01041794e-02,
         3.76897193e-02,  2.09586136e-02, -3.02986503e-02,
        -4.54207174e-02,  3.86126749e-02]], dtype=float32), array([-0.02735785, -0.00824513,  0.01446262, -0.04470763, -0.00533228,
        0.0117373 , -0.04912784,  0.01065283, -0.0231431 ,  0.03213841,
       -0.02380673, -0.00594201, -0.01491631, -0.00429374,  0.00250442,
       -0.02559691, -0.03120041, -0.00313924,  0.04351353,  0.044101  ,
       -0.04267954, -0.01133571, -0.0057259 , -0.04649475, -0.0363769 ,
       -0.03349365,  0.00669172,  0.03955904,  0.0157158 ,  0.0098251 ,
        0.03693937, -0.00072766], dtype=float32), array([[-0.18367837, -0.05912367, -0.0826562 , -0.37169316],
       [ 0.39552283, -0.2509779 ,  0.2558695 ,  0.23198873],
       [-0.22106318, -0.16069616, -0.08563501, -0.31142387],
       [ 0.34521008,  0.1964013 , -0.24380031, -0.3546825 ],
       [ 0.23514175,  0.24382812,  0.20531291,  0.31541604],
       [ 0.34094244,  0.399239  , -0.23541197,  0.3605652 ],
       [-0.21067639,  0.07339451,  0.05892181, -0.03960472],
       [-0.05338195,  0.00868082,  0.40002638,  0.20107937],
       [ 0.11632961,  0.06601676,  0.21354151, -0.12418941],
       [-0.16906105,  0.14164227, -0.2708714 ,  0.34545094],
       [ 0.29188794,  0.33538455,  0.02292907, -0.17812878],
       [-0.0221571 , -0.09373194, -0.39539564, -0.3109342 ],
       [-0.21796611,  0.17504883, -0.39484152,  0.2993381 ],
       [-0.08062387, -0.00494146, -0.2826572 , -0.04985252],
       [-0.4078765 ,  0.1636697 ,  0.34065384,  0.19913471],
       [-0.27366382, -0.10193914, -0.18305553,  0.03900018],
       [-0.4060112 , -0.09334797,  0.250404  ,  0.18368089],
       [ 0.20017785,  0.2653451 ,  0.06589121,  0.40423495],
       [-0.16732548,  0.30409276, -0.04684421,  0.30699885],
       [-0.16391413, -0.22300139,  0.3432657 , -0.22666174],
       [ 0.2841131 , -0.07187852,  0.00358132,  0.28479075],
       [-0.18273978,  0.22523528, -0.17107168, -0.11153764],
       [-0.19694558,  0.25801623,  0.04336539,  0.22016317],
       [-0.15033293, -0.38324076, -0.06115505, -0.00118884],
       [ 0.21757919,  0.38416916, -0.0943647 , -0.31189564],
       [ 0.13976479,  0.18516642,  0.1913153 , -0.15874724],
       [-0.23871791, -0.22101209,  0.34636813,  0.26396537],
       [ 0.04549253, -0.14873508, -0.29802886, -0.23447074],
       [ 0.27986014, -0.18939061, -0.12342095, -0.3353951 ],
       [ 0.32524598,  0.0024493 , -0.19689555, -0.26519158],
       [-0.2767939 , -0.27842844, -0.32787985, -0.3525037 ],
       [-0.3284654 , -0.06336012,  0.25012898, -0.39500943]],
      dtype=float32), array([0., 0., 0., 0.], dtype=float32)]
[array([[-0.02243938, -0.00041766, -0.04548765, -0.03743662, -0.04346465,
         0.04655595,  0.00780483, -0.02406764,  0.03674084,  0.03181001,
         0.0213741 , -0.01076387, -0.0183413 , -0.04500493,  0.02481229,
         0.03512373,  0.02505419,  0.04211508,  0.01385796, -0.04548755,
        -0.01629835, -0.04203437, -0.02181742, -0.02293829, -0.00722448,
        -0.01126228, -0.02583814, -0.04210724, -0.03903314,  0.02181437,
         0.00074078,  0.02912556],
       [ 0.04807254,  0.01196803,  0.01103849, -0.01370989, -0.01413302,
        -0.01113551, -0.02259363,  0.00351525,  0.04357022, -0.03598797,
         0.04945591,  0.02912667, -0.02271248,  0.02272102,  0.03013991,
         0.00555959, -0.04364859, -0.01621649,  0.02276815, -0.0428383 ,
         0.01984209, -0.03550249,  0.02940748, -0.03989812,  0.03096623,
         0.04327046,  0.0437522 ,  0.00026976,  0.03903766,  0.04901197,
        -0.03388696, -0.0031893 ],
       [ 0.0361732 ,  0.02806481,  0.02514837, -0.04446606,  0.00189587,
         0.02807877, -0.04933287,  0.03187701,  0.00366229, -0.02436702,
        -0.02053518, -0.00914473, -0.03612717,  0.04961088,  0.01448197,
        -0.01994091,  0.04332342,  0.00942431,  0.00976301, -0.04518193,
        -0.02654456, -0.01651747, -0.01105646, -0.01568924,  0.00064632,
         0.02813423, -0.02789217,  0.02115322, -0.00146405,  0.02102197,
        -0.01576247,  0.00178986],
       [ 0.03295696, -0.00267023,  0.02250639, -0.04451971, -0.00197826,
        -0.04989063, -0.04831684, -0.0111508 , -0.04087897,  0.04929277,
         0.00978976,  0.0483599 , -0.03878453, -0.01983765, -0.00851713,
         0.01967316, -0.0325464 ,  0.01863772,  0.04224947,  0.01873279,
        -0.02558391,  0.02041233,  0.03666091, -0.04162916, -0.01846362,
         0.03423002, -0.03988578,  0.01123594,  0.01165919, -0.00562377,
        -0.04890349, -0.01926185],
       [-0.00360281,  0.04176504,  0.01075896,  0.00700044, -0.04665363,
         0.00944819, -0.03526802, -0.01735202, -0.03031178,  0.0063326 ,
         0.03688247,  0.01856375, -0.03931258,  0.0331907 , -0.01493212,
         0.00404425,  0.03795043, -0.01956877,  0.00863688,  0.04014707,
         0.04460025, -0.00118294,  0.01345973, -0.01091124, -0.0339784 ,
        -0.01136636,  0.02711548,  0.00063231,  0.01789336,  0.0216102 ,
        -0.00503002,  0.03813479],
       [ 0.01770378,  0.00397805, -0.01203539,  0.01798166,  0.00782884,
         0.01390192, -0.00198752, -0.01541771, -0.03734639,  0.03224757,
        -0.01379598, -0.01807711, -0.01047457, -0.0013127 , -0.01623232,
        -0.04183919, -0.04822654, -0.00211348,  0.02321658, -0.01105796,
        -0.01156938, -0.02683696, -0.01106223, -0.03430702, -0.04562324,
        -0.01667302,  0.00760536,  0.02262564, -0.01251973, -0.00027068,
        -0.0016403 , -0.02663664],
       [ 0.04434336, -0.01479743, -0.00717914, -0.02825288,  0.01692296,
        -0.03830156, -0.04921409, -0.00299975,  0.02168845, -0.02324626,
         0.00804775,  0.00326452, -0.03741153, -0.02331936, -0.01089326,
         0.01717592,  0.04167094, -0.00884984, -0.00668966, -0.00978302,
        -0.03023323, -0.03333576,  0.02546353, -0.02962693,  0.02767323,
        -0.00776792,  0.02560425,  0.02586162,  0.0320475 ,  0.02139381,
        -0.02366201,  0.01510156],
       [ 0.03114731, -0.0362304 ,  0.01938849, -0.01506879,  0.01347319,
         0.00697935, -0.02554799,  0.00081403, -0.00777518,  0.0111547 ,
         0.01461646, -0.02593197, -0.01090317, -0.02965826,  0.01980907,
        -0.00440637,  0.03452612,  0.04746494,  0.03359203, -0.04609453,
         0.00551619, -0.02056758, -0.02046138, -0.0374142 ,  0.02724906,
         0.01093606, -0.00391401,  0.03092147,  0.01016307, -0.04706184,
        -0.04157297, -0.04256849],
       [ 0.02663505,  0.03425298,  0.04792337, -0.01804442,  0.00365759,
        -0.04506881, -0.01303378, -0.03222702, -0.0250356 ,  0.02845867,
         0.0115564 ,  0.04405581, -0.01586632, -0.02602041, -0.02416616,
        -0.03041266,  0.00690473, -0.03331391,  0.01162104,  0.02277335,
         0.01695282,  0.02162592, -0.01654041, -0.03624123, -0.02584956,
         0.02149296,  0.0259808 ,  0.01645822,  0.01880642, -0.03855341,
        -0.04002664,  0.03731879],
       [ 0.03472495,  0.03309414, -0.03335875,  0.028837  , -0.03675058,
        -0.00767002,  0.0400282 , -0.04897198, -0.02180721, -0.02082237,
        -0.04433494, -0.0313372 , -0.03871728, -0.03342605, -0.03381859,
        -0.00465754, -0.00444401,  0.01146792,  0.03430105, -0.00681323,
         0.0114758 ,  0.03144045, -0.03949528,  0.02728188, -0.00552614,
        -0.03058246, -0.01984438, -0.01800867,  0.01887741, -0.02092981,
        -0.02633487,  0.01057432],
       [-0.00701101,  0.02491256,  0.00558639,  0.01940456,  0.02205961,
         0.02231661, -0.00772692,  0.00393982,  0.02715567,  0.01015831,
         0.00250825, -0.04523991,  0.01479795,  0.04093495,  0.01970848,
         0.0098877 , -0.043163  , -0.01244168,  0.00912677,  0.01632122,
        -0.01065724,  0.03924514,  0.01067086, -0.03902667, -0.02712734,
        -0.00178812, -0.04540752, -0.03194524, -0.02448886, -0.03678988,
         0.02161995, -0.04274244],
       [ 0.01089357, -0.00906769,  0.03096348,  0.00808669, -0.03196561,
        -0.04374727,  0.02886945,  0.03905061,  0.01083224,  0.04300097,
        -0.00330313, -0.0355391 , -0.0100448 , -0.00059123, -0.00879438,
        -0.04290757,  0.01030827, -0.00695388, -0.04553371, -0.0463759 ,
        -0.02707564,  0.03030156, -0.04113863,  0.04618971, -0.04113045,
         0.03043219,  0.01964564, -0.03165479,  0.01434604, -0.00322906,
        -0.01425091, -0.0380159 ],
       [ 0.00573568, -0.02517783,  0.03228479,  0.04738495,  0.00298989,
         0.03030494, -0.03057642, -0.00488722,  0.02071509, -0.03349061,
         0.02144644, -0.03461897, -0.00887842,  0.03028803, -0.02592777,
        -0.02631743, -0.03895124,  0.01219014, -0.04272423, -0.0122193 ,
         0.03833259,  0.02728197, -0.00440634, -0.01296628, -0.0467696 ,
        -0.00887374, -0.04253426, -0.0024597 , -0.02862258, -0.03801619,
         0.04401994, -0.01418346],
       [-0.01755982, -0.02560999, -0.03034808, -0.02915976,  0.04365332,
         0.01306889, -0.04993185, -0.01750138, -0.00674779, -0.01637989,
         0.01332191,  0.03421295, -0.01208948, -0.03130879, -0.00977383,
        -0.00325847, -0.01222739, -0.03295205, -0.03967385, -0.03683399,
        -0.0047105 ,  0.04950384,  0.00840652, -0.03351339,  0.04069909,
         0.02858658, -0.01805475,  0.04257064,  0.03400949, -0.0049809 ,
        -0.01011679,  0.0074509 ],
       [ 0.00936768,  0.00470606,  0.00404815,  0.01953569, -0.03692222,
         0.00536067,  0.00851865, -0.01340999,  0.02235487,  0.03503275,
         0.03523305,  0.03041552,  0.00312604,  0.0392566 ,  0.03631893,
         0.0314236 , -0.04513377, -0.00551572, -0.04710227,  0.04211411,
        -0.01854428,  0.03451673, -0.0121571 , -0.00742651,  0.0063094 ,
        -0.02257344,  0.04987497, -0.00984868, -0.04508096,  0.04156924,
         0.0104415 ,  0.03129052],
       [ 0.04795344,  0.03255026, -0.03652152, -0.00729735, -0.02994247,
         0.0344174 , -0.01409924,  0.02649051,  0.04472491,  0.00700147,
         0.02084745, -0.03495137, -0.03663691,  0.03972319,  0.02990006,
         0.04051009,  0.04852315,  0.03526613,  0.01163004, -0.02288152,
        -0.02908747, -0.01267142,  0.04732079,  0.00218984, -0.02972211,
         0.04213173,  0.03257577,  0.03098429,  0.02432683, -0.04165695,
         0.0400831 , -0.03608413]], dtype=float32), array([ 0.03711811,  0.01996099, -0.04776685,  0.00938909, -0.01156222,
        0.03323926, -0.02619305, -0.02761728, -0.01495183, -0.00926036,
       -0.0084739 , -0.00070091, -0.01582556, -0.02102157,  0.02050949,
       -0.01315751,  0.02398408, -0.03218436,  0.04351536, -0.03959203,
       -0.04479766,  0.03077925,  0.01658939, -0.01760663, -0.0468135 ,
       -0.02772691,  0.02380027,  0.01220652, -0.02692246, -0.03028314,
        0.03538546,  0.00821097], dtype=float32), array([[-0.0899578 , -0.15784806,  0.33910662, -0.25713116],
       [-0.2970969 ,  0.28721642, -0.14718395, -0.04137462],
       [ 0.07740816, -0.24557072,  0.31072336,  0.2042107 ],
       [ 0.27249914, -0.01865971, -0.30198675, -0.07660106],
       [-0.35217577, -0.22763751,  0.16211909, -0.29787984],
       [ 0.22426128,  0.247967  ,  0.26486826, -0.18946654],
       [ 0.10558993,  0.18290544,  0.23484069,  0.02878097],
       [-0.06675866,  0.12849158,  0.37870336,  0.38356072],
       [ 0.0425947 ,  0.17439944,  0.23322105,  0.21249497],
       [-0.16476686, -0.23937015,  0.19313824, -0.23583722],
       [-0.38797587,  0.04781911,  0.1937694 ,  0.04494447],
       [-0.33035904,  0.24952227,  0.36937207, -0.14484397],
       [-0.05700928,  0.33980745,  0.38212532,  0.02295455],
       [ 0.24279028, -0.3041065 ,  0.26660573,  0.03799888],
       [ 0.27522206,  0.06951672, -0.07912162, -0.25975287],
       [ 0.10611612,  0.38921094, -0.12451127,  0.00140181],
       [ 0.20185715,  0.36823684,  0.35300457, -0.00752002],
       [ 0.31387067,  0.17378241,  0.04869512, -0.29830918],
       [ 0.30136907,  0.25172484,  0.22690398, -0.39787534],
       [ 0.21835041,  0.18339735,  0.26876074, -0.19306526],
       [ 0.11037624, -0.3534879 , -0.27949327, -0.12891108],
       [-0.06671047, -0.1761198 , -0.3041681 , -0.26569617],
       [ 0.40691173,  0.34441298,  0.30394697,  0.10863328],
       [ 0.09469527, -0.03799462,  0.3003757 ,  0.00463319],
       [-0.02295661, -0.33189252,  0.09846646,  0.3559997 ],
       [-0.30167976, -0.19297795,  0.28128588,  0.3736202 ],
       [ 0.26113957,  0.21140891, -0.36070222,  0.12456918],
       [ 0.04490972, -0.30053675, -0.092226  , -0.27649373],
       [-0.30740786,  0.40449083, -0.02894887,  0.36219335],
       [ 0.38700694, -0.06454802,  0.01753375,  0.08227614],
       [-0.24075618,  0.01225328,  0.20626014,  0.23390192],
       [-0.26651397,  0.16544694, -0.21909226,  0.18395919]],
      dtype=float32), array([0., 0., 0., 0.], dtype=float32)]
